17065852
18137628
18098525
18026532
18050638
18071481
18129331
18067352
18063888
17017246
18104169
18037860
18085105
17096162
18078540
18098789
18060145
18146244
17096987
18030580
17094062
18041442
18038778
18105807
18091288
18068049
18089550
18060323
18109314
18086187
17060230
18078125
17038480
17113563
18032893
18026583
17103266
18112420
17033659
18012051
18024939
18072747
18088740
18145523
18004733
18060919
18057853
18043771
17026067
18036848
16012828
16051041
18041582
17105900
18114814
18102077
18081029
18007422
17096022
18048366
18108563
18072631
18062725
18016081
18070930
18135013
17140870
16053435
18072941
18119603
17049083
18049788
17040345
18067190
18063160
17094488
18031013
18110754
17088577
18103618
18059279
18021794
18100708
16090632
18118283
18044417
18032230
18041752
18118739
18104940
18022588
18106498
17084539
18114903
18096417
18060420
18063837
16105370
18016596
18057411
17074770
18097898
18059384
18045871
18022316
18023231
18086241
18111718
16107004
17128560